201806581802
201806582387
201806579683
201806581445
201806581859
201806582117
201806582291
201806582418
201806609944
201806610075
201806610253
201806582341
201806582446
201806610015
201806611098
201806611408
201806613061
201806612469
201806612696
201806612919
201806612296
201806611708
201806611871
201806694963
201806610055
201806611924
201806612233
201806612301
201806612244
201806612266
201806611879
201806612594
201806612938
201806612566
201806612887
201806694978
201806695462
201806697840
201806613031
201806613146
201806694671
201806701818
201806702235
201806696467
201806702294
201806703532
201806697046
201806702852
201806703947
201806701860
201806702036
201806769742
201806769808
201806702060
201806702672
201806702764
201806702798
201806702799
201806839705
201806839713
201806703217
201806769840
201806839257
201806702688
201806840243
201807089398
201806840062
201806840095
201807089110
201807198903
201807198683
201807198068
201806840089
201806840388
201807198590
201807198722
201807198885
201807198945
201807062503
201807094691
201807061999
201807093015
201807062957
201807198855
201807062845
201807095610
201807292789
201807292929
201807062188
201807062408
201807062675
201807292872
201807292753
201807400806
201807062739
201807402549
201807402076
201807459368
201806770830
201806772716
201807450947
201806769832
201806771452
