201802845749
201801534969
2017111257767
201801716265
201712173372
201712334039
201804695784
201803607473
201803036764
201706053984
201803688332
201803037210
201711085196
201708068384
201803027233
201802911286
201801871332
2017091219893
201712326326
201803683116
201803687205
201709028690
201804288735
2017091168754
2017101200872
201711042254
201711021271
201706941453
2017081194307
201705844831
201802873253
201707919242
2017101028624
201706781580
201706781799
2017091066070
2017091132841
201803609515
201705811843
201712907054
201804657051
201801847336
201802849122
201802872837
201802868789
2017101003259
201802211925
201803351605
201801228827
201801255389
201703472566
201802872094
201802874181
2017111032238
201803614574
201705581301
201708968897
2017081081989
2017091168433
201803687425
201801838490
2017081120311
2017111256911
2017081159000
2017101149832
2017111259508
201707409832
201702260389
201711038498
201709431531
201706791404
201706599647
201710476522
201710927120
201701477341
201703264431
201710984148
201706665203
201703487844
201703190569
201703172476
201701535463
201705217805
201704608486
201611409626
201704124904
201712167496
201703155072
201706692252
201710990580
2017091035814
2017091135045
201804663962
2017091040607
2017091033982
2017091087241
201705809971
201710992194
201802880322
2017101001603
201706852853
201802881228
201712948370
201803617056
201803635073
2017081084669
201802906712
201803611338
201706854564
201707989170
201706810995
201704610840
201706856655
201804691379
201708969688
201802282598
201709546420
201708927123
201710920798
201801421130
201707840744
201709982137
2017111061696
201712860121
201712865253
201710923847
201712761225
201709989444
201710926226
201705781453
201706179636
201705809288
201804087298
201711912054
201706604272
201708808203
201710735022
201711906021
201704415711
201612479140
201612505673
201612450825
201612532083
201710883744
201708885503
201803335230
2017111020914
201707733151
201710882294
201804546420
201706662919
201804549037
201708889122
201802250768
201709535823
201711691434
201712174619
201712338649
201803200562
201802313141
201707381118
201804374971
201801414307
201803132831
201710360883
201801249011
201712202677
201708289582
201804372812
201801415522
201804235434
201803357064
201709309776
201803335327
201710775648
201710771088
201706410482
201710624883
201803334397
201705689306
201801416570
201801541060
201803491756
201803447162
201803466049
201801423760
201803292851
201705980904
201706416319
201701645103
201706599037
201803505778
201708854074
201712678424
201801542335
201708798359
201801421828
201704450288
201709864054
201706420069
201708851746
201709813669
201708848100
201710774739
201711991301
201804473977
201708848127
201712431193
201803463519
201707724946
201708694196
201706667663
201708852061
201701619449
2017081199368
201803267724
201804304359
201712399043
201804289689
201705973098
201803292956
201709497367
201707239745
201707345714
201706392602
201804198814
201712593862
201801424151
201711730558
201801450862
201801516141
201803293718
201708610865
201804371515
201708148135
201709709105
201801447077
201711777870
201801421487
201801487023
201707483195
201712476731
201708524676
201710733370
201706183429
201701453561
201707374818
201712334014
201712333220
201708371799
201801420639
201709430708
201802287113
201711691543
201804240958
201803308711
201712336844
201801423971
201804263073
201801424614
201803334027
201707407717
201708421662
201712475411
201712473812
201710522562
201709433949
201712476117
201803130458
201805177456
201712025186
201709160182
201803151273
201712201918
201805104570
201803173180
201801202436
201709232840
201708258370
201801078268
201804039591
201801051382
2017071107953
201803108898
201707170434
201803027166
201707415799
201708571098
201802168371
201706213671
2017111207154
201709818991
201711904905
201802182884
201703173251
2017081086254
201802179119
201802305897
201712139987
201803112578
201801204505
201803105550
201801104205
201709160320
201709159012
201803150185
201804171661
201708331113
201802069732
201801052631
201705275131
201803166444
201612212514
201805175184
201801125866
201804084552
201802179954
201711283460
201712198464
201709231049
201804089424
201804200713
201711361969
201802206488
201802316611
201711369907
201712200314
201802211928
201803111202
201802218829
201804204769
201804231755
201706245306
201707344535
201712196263
201708268285
201710353599
201804211757
201708099846
201804084227
201707160596
201802287987
201805109405
201708329929
201708265627
201805262197
201712206632
201708266029
201708292229
201803130061
201803195590
201804207982
201804064587
201804066702
201709267701
201708261646
201804065665
201802288124
201802183188
201804176572
201805111685
201712196525
201804086841
201708328569
201712206206
201612185612
201708305089
201803174042
201804210123
201801097668
201802182286
201802069615
201712233902
201804179797
201801106588
201712143332
201803146540
201709156201
201801206499
201706238996
201712147241
201711322668
201711137870
201803154712
201707130938
201803150080
201802174273
201708328855
201804208133
201709197900
201706186695
201711267991
201712117354
201712202583
201802216719
201802207457
201802252281
201707169144
201707169560
201711140846
201712149804
201803129873
201803129130
201707240292
201709197811
201802178366
201803133491
201710486267
201710474862
201706216638
201707482042
201705804523
201710923543
201610156363
201707730594
2017111195248
201711035921
201804257203
201711087756
201711359064
201711406210
201710738617
201611115166
201804087824
201710399744
201706269395
201611425046
201707348704
201706214867
201712232916
201707138570
201709275991
201712206049
201708329731
2017111256595
201805287199
201801256811
201712333773
201802316280
201803327269
201801282688
201711415097
201709307250
201804065301
201805105626
201803132861
201712207349
201707196237
201707167672
201712400330
201805079477
201708268487
201611427206
201801207687
201707105970
201804090315
201705816965
201707700910
201803193176
201803516366
201710996836
201711399030
201712177100
201801205151
201804081109
201708646859
201802374576
201802279501
201803147989
201711321893
201712233063
201804370502
201711324061
201804373051
201803196349
201803127850
201707228694
201805080225
201708343054
201712198446
201802288805
201803150881
201711464685
201804062133
201804228227
201711897555
201805112168
201708535364
201709541157
201801411759
201711276668
201712148176
201804178232
2017101191478
201802378030
201801225437
201805107089
201801543252
201710352598
201710917037
201801053209
201802182677
201803196902
201708530563
201711364909
201804259397
201712116346
201708336735
201707237368
201802376162
201708329435
201802248395
201711905634
201801073936
201708421812
201711466457
201712478839
201802307797
201711282969
201802275197
201711325107
201708381522
201711904329
201706249725
201802309492
201805259725
201706441678
201801251272
201712138526
201804088716
201707340370
201710396302
201801408939
201801052555
201705109076
2017111024430
201805262411
201801222343
201801078421
201802371461
201804038402
201708144812
201707129501
201804238372
201805078784
201707350005
201709301726
201803170568
201804376426
201804210605
201805110332
201711467934
201712370221
2017101041446
2017101038860
201803664677
201706784775
201707664312
201712369254
201803640746
201802844947
201707170586
201707699681
201708520164
201705852518
201711369447
201801513641
201708810751
201804696181
201804397294
201801847235
201804608393
201706386314
201706817202
201801515701
201705815523
2017091118320
201804667275
201803609265
2017091178847
201803617692
201801513410
201804599470
201707382747
201803608871
2017091174590
2017111258189
2017101043294
201804038001
201706628923
201706477577
201705846299
201804238053
201804472549
201709705553
201804265002
201704508669
201804307122
201705981897
201711780002
201803110288
201706657846
201708957102
201711985895
201706695681
201803463168
201710513026
201801654456
201804688105
201709034675
201803024913
201706573540
201803632652
201712986236
201804610839
201801628119
201712020058
201706267655
201711042184
201703192735
201802910887
201707163062
201801227542
201711090819
201804607539
201706209934
201706389873
201709230395
201712972253
201712369519
201712359296
2017101036978
201710963690
201710988783
201805111429
2017091032532
201706479330
201710730334
201707843896
201804475882
201711272446
201706055075
201705679174
201706931217
201802061476
2017111207109
201801512310
201706471768
201803312435
201705083330
201802217264
201709510488
201804399716
201709539963
201708415117
201706237046
201804450985
201802069386
201710776412
201712910052
201803511526
201709994119
201803617334
201801739731
201803466799
201804063006
201707623961
201710630979
201711651280
201803513697
201708972090
2017091178209
201801739682
201709787872
201710468948
201804451358
201801514139
2017081081034
201709995399
201804061691
201710484657
201712874096
201803466214
201710621298
2017111033525
201711084085
201802914162
201709869306
201705480699
201709428129
2017111232520
201707870692
201712911108
201709533396
2017081207189
201708642761
201801078787
201803686298
201707871485
201801842071
201711044662
201801623404
201707482572
201706693013
201707991995
201708654900
201801482113
201712643978
201803312006
201707840639
201612740203
201708928582
201706020786
201711610604
201706826382
201804637685
201803354990
201803467746
201804210656
201710441229
201801447756
201712900225
201803174262
201803688887
2017101034735
201710961793
201708888757
201707451579
2017081156494
201709508041
201712370697
201804474269
201612745173
2017111224597
201804665298
201803266906
201804690615
201804695063
201705708051
201801539318
201803264101
201712437603
201710515574
201709029213
201709467309
201803035447
201803419383
201803689297
201804040011
201804374430
201802902427
201711644921
2017101153024
201803292521
201803586931
201707731552
201802912316
201803689394
201707407242
201710882762
201802905860
201803421819
201801684514
201706896468
201706604117
201710695765
201711907507
201803266705
201802853428
201707415659
201803687997
201705077875
201711767129
201712439987
201712642540
201801446928
201704237105
201712395682
201706022946
201804695251
201803612970
201708026641
201710698991
201801456123
201801918839
201801049540
201804290439
2017091035170
201803036902
201804039063
201707956561
201710658105
201708420280
201804609621
201710889133
201803291978
201710687789
201712365986
201712399939
201804660234
201706635893
201803292300
201804451148
201706811223
201803583518
2017081167521
201708921713
201707593351
201705680658
2017081083686
2017091040723
2017101198774
201803509337
201804667889
201711774255
201708419782
201709196712
201706663742
201707663330
2017081195261
201711989906
201804474450
201706694274
201803662438
201803133814
201804664843
201709494837
201710699882
201710764601
201710664420
201708970948
201706605798
201801077910
201708694354
201803490045
201712481013
201709742209
201707846334
201709709739
201706630356
201709787737
201708574969
201709191847
201707129648
201705447413
201704392741
201802905099
201709273311
201709150047
201804289913
201805080120
201803041197
201803611080
201802285434
201801125491
201804284720
201803131282
201804180181
201802181755
201712985442
201710626202
201802069014
201805078496
201711691994
2017091131749
201707342994
201803106590
201803113853
201803169242
201803195528
201805108399
201805080838
2017091129184
201801313278
201706276713
201710359657
201805100140
201709302544
201709579791
201707129738
201804207331
201803293634
201711043482
201804062812
201712149021
201803639293
201804056643
2017071115835
201805077590
201802913789
201707198529
201706356546
201802845523
201712478468
201707877592
201803447029
201707193702
201711902751
201803332786
201801051348
201804065331
201707992793
2017091035264
2017111252147
201707945790
201804632034
201802378001
201712442205
201706690136
201710994983
201712594039
201707095247
201707838712
201710518670
201708104474
201708652203
201803026675
201805050766
201804310949
201803491343
201802182705
201804376858
201711945230
201701537858
201708030737
2017091168250
2017111037473
201710775177
2017111070268
201708533985
201803426115
201804442740
201707843903
201803591573
201705742565
201706792591
201703514525
201703533013
201705242002
201706024860
201706790851
201706057448
201705684198
201711086571
201706897593
201804262177
201802319424
201804208918
201805261063
201803197152
2017111231402
2017101038749
201805180689
201710424866
201801514576
201706420951
201803590732
201802310454
2017111284993
201803199779
201704126443
201804257726
201801916329
201706605073
201804448755
201709773977
201712396949
201710890658
201709191085
201708063503
201803516715
201803659551
201706696143
201702383084
201712642086
201803689548
201708974075
2017091074653
201710688113
201804422567
201711131237
201804290124
201801713678
201711027310
201712023178
2017111079833
2017091180006
201710389380
201804265040
201801414364
201804256245
201710435321
201701146359
201804258127
201804210470
201708266778
2017091166996
201804262708
201706365258
201805107782
201804259571
201804238579
201803151920
201803611049
201707381340
2017101034149
201803269217
201712939378
201803133054
2017101039606
201802288796
201802376151
201706816077
201704216293
201803689171
2017111204614
201803263128
2017101039884
201803266027
201710479044
201708410786
201710952015
201801285925
201708407051
201712236767
201801075883
2017101205376
201803488325
201801874540
201803025809
201711135953
2017081089830
201803592151
201802881447
201804170907
201707239342
201804058324
201707091682
201803154279
201803041719
201803169460
201712636897
2017111066365
201711277450
201708420020
201802211910
201804043434
201805181219
201711136829
201707622933
201707092829
201711410630
201709507657
201706207506
201805051706
201708375039
201706782136
201708059825
201710347862
201705719808
201803686657
201801919145
201708103717
201708303023
201712022989
201803024694
201801906795
201802067872
2017071115537
201703403927
201804178928
201803027058
201801850865
201801712479
201804286998
2017111259026
2017111079510
201710951419
201803154435
201707167372
201801044836
201804090680
201801051641
201711325915
201706021731
2017081090054
201804664595
201804043209
201708034654
201803027623
201706888578
201707348216
201801885902
201707103187
2017071113292
201802217434
201805081151
201706024880
201709707566
201803268107
201706828324
201708103068
2017091032059
201708029745
2017111204259
201803632973
201803687312
201802850075
201805047743
201803423797
201708060257
2017101155117
2017081201962
2017091213432
201801044372
201709025162
2017081199462
2017101205815
201802877644
201802063268
201709035178
201707130579
201709021848
2017081126781
201802902976
201805046390
2017081160036
201804664063
201706366996
201711133042
2017101207101
201802851996
2017081125553
201712440113
201802063126
201801075087
201801711260
201804578510
201803037532
201711038968
201705843355
201801707232
201803027029
201709031292
2017101001096
201803663054
201803458551
2017081166619
2017091040534
201802907794
201706183302
201804289396
201707482709
2017071104937
201709542438
201712398155
201707227877
201709986500
2017111253460
201709546660
201708306378
201703135593
201709996370
201709991075
201708561484
201801045899
201707877197
201709786835
201709035716
201706574420
201802182440
201712116532
201711948411
2017101030109
201706358491
2017071113853
201801543749
201708692797
2017111252814
201712395210
201712147921
201709191837
201801199533
201802308686
201801106402
2017091207247
201711284259
201711277774
201709151995
201709709409
201709034915
201709818517
201701504507
201706573760
201706274913
201710656504
2017081163192
201709865413
201705714915
201706148036
201711685354
2017101154136
201707627547
2017111220249
201709466389
201804574201
201801513046
2017081200546
201801629218
201712178739
201611262214
201707943649
201710961908
201712634990
201708530076
201710521608
201708566927
201709307367
201708574693
201708930480
201801230607
201708690760
201707439974
201610155338
201712950291
201712435418
201707344488
201708143257
201708850235
201707445825
201709812122
201708570743
201707203918
201801416229
201612377432
201802909908
201709990677
201708105551
2017081083358
2017101145691
201708958453
201706781410
201705813560
201709822680
2017071115693
201708677038
201709036408
2017111281269
201711941944
2017111207129
201709159193
201707378105
201803638285
201706277916
201706604259
2017091177632
201707383406
201612164792
201709547824
201711136541
201712335832
201709428983
201701306711
201802246533
201708635941
201801253883
201705687823
201611451283
201801689582
201802402469
201803352278
201803195079
201707619899
201708570022
201711267182
201611447639
201612362715
201712605728
201612449387
201710963305
201703015120
201706934795
201803151652
201711131596
201803028407
201711945262
201708526725
201803290031
201803508819
201803356740
201705581459
201611372280
201709531661
2017121020886
2017101200795
201709976446
201710520356
201707729800
201801844621
2017101163978
201707231892
201710698296
201711771609
201707202179
201710734788
201711280444
201708267661
201710653187
201707481615
201709155535
2017081124880
201709584450
201708957674
201711094945
201705514886
201710438363
2017091040171
201711124272
201711656353
2017081120997
2017091169578
201708652466
201711024801
2017081165594
201709742463
201711040293
201709579195
201710632078
201710772650
201708147823
201710515353
201706440136
201711283234
201707125368
201707444629
2017091085428
2017111036486
201708572748
201801049081
201801231612
201710920242
2017081202012
201709033926
201712948750
201712236982
201805279330
201805253691
201805254356
201805263352
201805210075
201805210961
201805184290
201805175870
201805177912
201805110678
201805176345
201805186305
201805109136
201805081671
201805110401
201805105992
201805078728
201805053776
201805080032
201805074425
201805081301
201805075936
201805071463
201805073814
201805076155
201805078180
201805073353
201805076555
201805052572
201805051495
201805045246
201804688706
201805049840
201805050539
201805053536
201804693048
201804689810
201804662714
201804658387
201804692933
201804665656
201804666527
201804662198
201804695916
201804666375
201804655928
201804663004
201804639948
201804640851
201804664339
201804638705
201804636607
201804654737
201804660017
201804659814
201804598905
201804608669
201804572328
201804628902
201804609397
201804637292
201804610272
201804637510
201804606317
201804639602
201804607688
201804608789
201804579902
201804610200
201804572665
201804578937
201804578320
201804576737
201804576121
201804603484
201804578794
201804569457
201804576384
201804574517
201804575743
201804571451
201804573880
201804546826
201804550058
201804547942
201804476449
201804549825
201804546444
201804547907
201804473339
201804399366
201804474633
201804468590
201804473072
201804471223
201804473453
201804469233
201804474895
201804469669
201804451693
201804475388
201804475191
201804444272
201804427756
201804448191
201804448439
201804446805
201804441831
201804427061
201804445371
201804449032
201804426417
201804399020
201804428117
201804426276
201804427954
201804420644
201804399929
201804427853
201804425644
201804416842
201804426754
201804399995
201804399523
201804421000
201804398963
201804392356
201804374744
201804395522
201804395378
201804392933
201804374607
201804376739
201804389880
201804396617
201804377064
201804389494
201804395181
201804392608
201804400068
201804396813
201804397082
201804372673
201804374053
201804375335
201804377433
201804374265
201804312771
201804310039
201804289656
201804308580
201804312286
201804290089
201804290755
201804312636
201804308105
201804307857
201804310195
201804309443
201804286281
201804263208
201804286549
201804265976
201804290016
201804287894
201804287981
201804265965
201804258469
201804203420
201804261407
201804262456
201804239746
201804262203
201804261123
201804210874
201804263988
201804240209
201804182010
201804240614
201804265630
201804235394
201804240384
201804240233
201804234392
201804211614
201804235866
201804227774
201804182368
201804210495
201804179732
201804212099
201804237530
201804239173
201804179507
201804205222
201804208869
201804205713
201804201755
201804207773
201804207679
201804200393
201804180142
201804211059
201804172869
201804182204
201804173360
201804175168
201804177641
201804178509
201804181990
201804182354
201804083650
201804083063
201804066901
201804088603
201804085244
201804088301
201804088135
201804085887
201803689518
201804065851
201804081331
201804085451
201804063778
201804064155
201804039422
201804057160
201804061259
201804060646
201804060372
201804059720
201804061980
201804042702
201804032587
201804038893
201804034491
201804034807
201804036050
201803688561
201803640008
201803686422
201803686785
201803662663
201803686880
201803661213
201803687594
201803688632
201803686952
201803686518
201803666454
201803640738
201803664488
201803642384
201803689610
201803665793
201803665672
201803661606
201803665181
201803641469
201803612689
201803635519
201803642683
201803635272
201803591372
201803615690
201803639173
201803616391
201803633200
201803613388
201803593479
201803588628
201803585468
201803516597
201803617495
201803614311
201803592632
201803589709
201803613637
201803586584
201803516541
201803590164
201803589544
201803587082
201803584264
201803586541
201803585678
201803470329
201803591404
201803589644
201803588132
201803585940
201803581994
201803587921
201803587281
201803516052
201803514730
201803513900
201803514937
201803493323
201803506966
201803514568
201803508541
201803493149
201803491532
201803515966
201803513337
201803509554
201803487966
201803486185
201803489506
201803483727
201803483787
201803492891
201803487155
201803423377
201803461859
201803489157
201803484088
201803486984
201803489108
201803491448
201803482183
201803490419
201803447306
201803462204
201803469473
201803465478
201803465930
201803463005
201803462957
201803442197
201803440309
201803442399
201803464139
201803446776
201803468012
201803444434
201803462694
201803464561
201803464569
201803424043
201803440497
201803425320
201803443686
201803356539
201803442810
201803423424
201803441791
201803422699
201803444957
201803424838
201803419259
201803424126
201803420659
201803422124
201803425022
201803422587
201803421394
201803421854
201803420800
201803353206
201803354135
201803356669
201803293024
201803353837
201803353603
201803330191
201803356516
201803351321
201803356896
201803349494
201803353985
201803355343
201803353015
201803293955
201803293468
201803333807
201803310763
201803326890
201803335455
201803332035
201803332563
201803314156
201803314182
201803311026
201803329971
201803310780
201803331267
201803333671
201803308893
201803292775
201803312517
201803293421
201803293519
201803292181
201803313811
201803312835
201803293864
201803309866
201803313495
201803309051
201803199991
201803293702
201803306655
201803293590
201803312834
201803311713
201803311025
201803311410
201803200676
201803312241
201803314947
201803288391
201803270800
201803271040
201803286923
201803270830
201803285196
201803288145
201803270346
201803270262
201803290993
201803286620
201803291294
201803292392
201803289366
201803270571
201803289516
201803291973
201803268584
201803271173
201803270428
201803289925
201803264834
201803268893
201803262914
201803267943
201803266533
201803267620
201803264443
201803262183
201803272238
201803173754
201803270642
201803267446
201803268421
201803197411
201803199485
201803175484
201803200455
201803150613
201803192890
201803173385
201803195985
201803174438
201803196488
201803197564
201803198904
201803196099
201803194873
201803193673
201803198906
201803199290
201803199110
201803197846
201803170356
201803149469
201803174658
201803169968
201803153718
201803153525
201803172540
201803171313
201803169619
201803153364
201803173898
201803172094
201803133234
201803150384
201803129374
201803153345
201803133439
201803151483
201803153575
201803151079
201803151196
201803151982
201803153249
201803132553
201803132996
201803134310
201803132076
201803133404
201803130994
201803127591
201803112197
201803129380
201803113537
201803111688
201803036304
201803042988
201803109135
201803037478
201803111415
201803108876
201803111099
201803114031
201803113634
201802909489
201803110445
201803026595
201803039067
201803039618
201803028441
201803038718
201803036961
201803028438
201802874824
201803034987
201803028232
201802877904
201803028274
201803028219
201803038742
201802912624
201802909838
201802912169
201802901416
201802878477
201802900079
201802908030
201802908271
201802850483
201802878916
201802876395
201802873595
201802852247
201802874367
201802843412
201802845916
201802847629
201802848721
201802849706
201802848025
201802849675
201802367667
201802400631
201802381049
201802374636
201802369772
201802370996
201802375537
201802370921
201802318429
201802318698
201802378752
201802379678
201802309380
201802371397
201802366254
201802370649
201802381442
201802371832
201802378415
201802319073
201802379542
201802288651
201802289007
201802308329
201802285729
201802315667
201802254865
201802288444
201802308679
201802283313
201802315477
201802287804
201802216156
201802286837
201802288586
201802310219
201802289631
201802310816
201802312479
201802310085
201802288180
201802318199
201802276933
201802282232
201802254663
201802277965
201802281224
201802250140
201802281998
201802252398
201802255196
201802248992
201802247038
201802253416
201802284917
201802254445
201802282688
201802217305
201802242478
201802219540
201802244582
201802247619
201802216427
201802064265
201802211587
201802180007
201802213458
201802180955
201802182972
201802180376
201802211732
201802215028
201802060753
201802180733
201802182848
201802179842
201802164310
201802167121
201802070198
201802071031
201802172364
201802174246
201802068348
201802171437
201801918224
201802035858
201802061648
201801880845
201801912073
201802023498
201801912661
201801885058
201801886183
201801879464
201801913145
201801846229
201801881725
201801877090
201801842766
201801686403
201801850007
201801717620
201801736041
201801715353
201801742541
201801842131
201801842465
201801740089
201801840907
201801717356
201801717191
201801736750
201801716681
201801715651
201801739936
201801713402
201801680215
201801655614
201801713086
201801713894
201801686601
201801675353
201801683603
201801686214
201801687146
201801683001
201801674449
201801655248
201801656647
201801654073
201801659007
201801659147
201801657032
201801652615
201801542759
201801629889
201801650283
201801628863
201801541230
201801656283
201801645659
201801657473
201801629405
201801626225
201801545284
201801626786
201801544324
201801624146
201801625215
201801625767
201801516698
201801488096
201801535665
201801540554
201801512721
201801543068
201801515074
201801515094
201801514598
201801541466
201801537743
201801517370
201801544954
201801514320
201801486797
201801516903
201801541999
201801486713
201801420279
201801486383
201801486230
201801487959
201801513056
201801487747
201801514341
201801512714
201801509216
201801483612
201801454839
201801475993
201801484246
201801483948
201801456778
201801450614
201801454645
201801456589
201801483231
201801454168
201801423023
201801453194
201801420253
201801417856
201801448795
201801414636
201801418734
201801422671
201801421218
201801450808
201801446829
201801412589
201801410026
201801409390
201801419167
201801417735
201801414094
201801414661
201801277061
201801317022
201801247549
201801286309
201801254165
201801281786
201801286775
201801276822
201801254746
201801207822
201801275399
201801256336
201801253707
201801250328
201801225158
201801229003
201801231952
201801251992
201801223148
201801247192
201801247892
201801225871
201801206436
201801224822
201801223500
201801203168
201801203545
201801201094
201801200099
201801200895
201801106693
201801081166
201801129609
201801080760
201801074731
201712948581
201801051814
201801050237
201801072021
201801077414
201801077167
201801049490
201801050195
201801046173
201801046427
201801042797
201801046387
201712986391
201712984726
201712986077
201712947969
201712979237
201712985091
201712947077
201712941150
201712912995
201712931518
201712912822
201712909808
201712943241
201712911581
201712912583
201712911266
201712912562
201712937247
201712904518
201712910394
201712897341
201712905827
201712897967
201712872740
201712757634
201712762536
201712762765
201712863057
201712759323
201712716971
201712723778
201712725767
201712724492
201712755524
201712644155
201712632796
201712603414
201712593082
201712605112
201712472594
201712590031
201712481002
201712595346
201712405586
201712479081
201712471808
201712477623
201712406628
201712474923
201712472139
201712482841
201712476360
201712446194
201712479311
201712468686
201712474100
201712478002
201712474433
201712473237
201712474405
201712436060
201712439653
201712445379
201712401216
201712434200
201712405955
201712369680
201712335376
201712397223
201712399375
201712358339
201712405327
201712401172
201712367055
201712389461
201712397554
201712371263
201712369430
201712393686
201712366861
201712330364
201712339676
201712366163
201712340125
201712367792
201712367160
201712325677
201712369154
201712365843
201712365281
201712337458
201712334749
201712337997
201712330207
201712336153
201712338588
201712339453
201712334278
201712331417
201712336600
201712227476
201712236573
201712198848
201712234282
201712233229
201712226569
201712227038
201712234738
201712176895
201712207216
201712207085
201712202254
201712206462
201712176894
201712175087
201712206024
201712201668
201712198146
201712172775
201712199266
201712197080
201712199758
201712175028
201712147850
201712150094
201712171565
201712178067
201712174317
201712168645
201712166660
201712167139
201712174024
201712174318
201712175617
201712177238
201712167630
201712170938
201712175594
201712173023
201712166302
201712164763
201712171791
201712143700
201712144326
201712114216
201712117836
201712144608
201712147433
201712115288
201712142954
201712115949
201712138245
201712143568
201712117478
201712117636
201712113542
201712116361
201712113139
201712112045
201712015051
201712117131
201712113706
201712117617
201712117811
2017111283701
2017111281096
2017111277273
2017111282506
2017111255370
2017111282959
2017111280157
2017111283060
2017111281958
2017111280591
2017111282743
2017111253133
2017111233125
2017111225755
2017111255482
2017111248624
2017111255157
2017111258051
2017111234171
2017111231745
2017111230327
2017111230924
2017111222235
2017111228644
2017111226879
2017111230542
2017111231337
2017111231953
2017111232079
2017111225083
2017111202371
2017111206636
2017111198447
2017111200328
2017111207203
2017111076323
2017111030012
2017111082020
2017111061370
2017111032478
2017111073379
2017111029399
2017111070147
2017111071696
2017111037618
2017111035594
2017111028703
2017111026582
2017111031780
2017111038477
2017111034099
201711991311
201711990199
201711987506
201711952944
201711955203
201711950801
201711906882
201711946373
201711982577
201711953768
201711949064
201711741493
201711954216
201711937076
201711947751
201711942314
201711940291
201711947183
201711946815
201711942746
201711901117
201711899838
201711902156
201711903893
201711774189
201711907813
201711780935
201711698258
201711771038
201711699733
201711772612
201711766484
201711769155
201711775305
201711773374
201711764497
201711775251
201711778261
201711737404
201711730072
201711735877
201711741068
201711732513
201711687174
201711699974
201711641672
201711699111
201711696822
201711610276
201711658805
201711693274
201711681779
201711611422
201711658260
201711657248
201711612867
201711651262
201711657439
201711648978
201711652489
201711609917
201711613364
201711465667
201711608072
201711611227
201711604361
201711599933
201711602096
201711468360
201711596157
201711465390
201711456174
201711454376
201711418601
201711457410
201711459216
201711458029
201711452479
201711409528
201711412860
201711370498
201711418083
201711413820
201711355754
201711420508
201711271424
201711357642
201711412798
201711417130
201711327710
201711326541
201711357279
201711362089
201711365979
201711323294
201711369147
201711369305
201711318545
201711310063
201711315721
201711322314
201711319347
201711268645
201711275703
201711275633
201711278151
201711281907
201711280957
201711275990
201711276093
201711274728
201711268923
201711275634
201711268302
201711095383
201711134700
201711134753
201711128472
201711044938
201711134619
201711094205
201711075637
201711091644
201711085131
201711044589
201711087154
201711083999
201711034003
2017101207771
201711031788
2017101195109
201711039880
2017101042275
2017101199355
2017101201746
2017101204479
2017101203093
2017101203102
2017101002066
2017101159793
2017101156378
2017101163825
2017101153410
2017101036016
2017101155132
2017101152624
2017101163479
2017101163044
2017101160430
2017101044195
2017101029440
2017101036731
2017101035682
2017101043478
2017101043313
2017101002337
2017101041897
201710989167
201710997909
201710986990
2017101000443
201710993115
201710951152
201710996867
201710962924
201710996545
201710963369
201710961916
201710928641
201710927445
201710963190
201710961621
201710962298
201710962442
201710922889
201710962287
201710955539
201710952574
201710918580
201710768783
201710926492
201710926461
201710927621
201710920249
201710927557
201710925949
201710920761
201710921637
201710914563
201710926644
201710921054
201710775892
201710890445
201710889604
201710880313
201710888647
201710891999
201710893603
201710888283
201710892792
201710892373
201710886607
201710885759
201710764334
201710777689
201710779641
201710732984
201710731506
201710695095
201710736314
201710732693
201710739192
201710728762
201710732357
201710727836
201710731344
201710693617
201710663931
201710665479
201710692534
201710661753
201710693444
201710663278
201710688407
201710691317
201710662560
201710698064
201710655983
201710659708
201710658306
201710651193
201710652401
201710663934
201710630008
201710650249
201710658591
201710659210
201710520542
201710655765
201710659454
201710659072
201710660091
201710629090
201710622348
201710630775
201710622050
201710630954
201710630018
201710620767
201710512989
201710520754
201710520050
201710515739
201710508559
201710521868
201710517581
201710516313
201710521091
201710483178
201710517959
201710520870
201710518164
201710433190
201710443246
201710442345
201710469479
201710482399
201710482626
201710483677
201710476581
201710436329
201710398393
201710441735
201710430902
201710434951
201710433195
201710432023
201710438031
201710404111
201710440830
201710425567
201710431653
201710436678
201710436202
201710398263
201710396961
201710398824
201710361269
2017091176850
201710348803
201710356812
2017091211971
2017091214084
2017091087798
2017091180472
2017091208382
2017091218417
2017091222601
2017091180713
2017091085839
2017091135643
2017091087913
2017091133750
2017091164364
2017091169975
2017091167391
2017091134694
2017091130560
2017091085821
2017091127813
2017091113464
2017091119175
2017091119871
2017091125341
2017091087452
2017091084295
2017091124848
2017091082936
2017091040772
2017091080542
201709994952
2017091038537
2017091085212
2017091075185
2017091079696
2017091077543
2017091036338
201709995119
201709993184
2017091037928
2017091026417
2017091034090
2017091029612
2017091033679
201709861100
2017091021040
2017091036785
2017091037968
201709977368
201709990112
201709993900
201709866727
201709988019
201709988613
201709992529
201709996734
201709985515
201709869050
201709988531
201709994838
201709992231
201709863458
201709819185
201709813571
201709749878
201709855420
201709818380
201709858368
201709864478
201709861708
201709827768
201709866769
201709814586
201709788434
201709826416
201709817839
201709820782
201709825828
201709821739
201709818189
201709823570
201709816709
201709787019
201709788088
201709745960
201709777103
201709781959
201709784907
201709744800
201709787541
201709789797
201709785181
201709786091
201709782194
201709787584
201709788796
201709739427
201709747630
201709744452
201709746605
201709741308
201709735050
201709709695
201709733075
201709697751
201709586278
201709708646
201709706071
201709587015
201709710032
201709693967
201709708797
201709702404
201709584977
201709582709
201709541585
201709583197
201709583551
201709580645
201709584610
201709588628
201709586494
201709543018
201709542014
201709509870
201709538299
201709505692
201709543384
201709539476
201709497002
201709509035
201709505895
201709471799
201709503985
201709470344
201709497929
201709503058
201709509520
201709506181
201709508659
201709470768
201709501437
201709459605
201709469781
201709470745
201709469570
201709432396
201709460234
201709465114
201709467289
201709465380
201709433358
201709465078
201709431725
201709431119
201709433499
201709420203
201709426871
201709308401
201709421840
201709419046
201709433211
201709425207
201709305789
201709273034
201709305530
201709302242
201709308526
201709308959
201709274977
201709272568
201709273782
201709235357
201709234914
201709268238
201709274714
201709264959
201709263460
201709269249
201709231047
201709268705
201709235188
201709270146
201709258864
201709234709
201709030091
201709195385
201709225542
201709194816
201709196839
201709198186
201709229780
201709225755
201709157391
201709194031
201709183511
201709159663
201709197169
201709197753
201709197347
201709160494
201709187605
201709185601
201709195918
201709159886
201709188771
201709152689
201709153590
201709154368
201709155481
201709159320
201709035538
201709035295
201709149545
201709144902
201709155100
201709156510
201709149219
201709158801
201709035982
2017081203439
201709032346
201709036131
201709034337
2017081206718
2017081198851
2017081165052
2017081193512
2017081205866
2017081201298
2017081162285
2017081085755
2017081127664
2017081164709
2017081162695
2017081161834
2017081166542
2017081162275
2017081163538
2017081157958
2017081117834
2017081128138
201708975101
2017081122637
2017081090789
201708971204
201708927311
2017081080458
2017081085001
2017081086570
2017081087415
2017081089235
201708966868
201708966434
2017081082874
201708968723
201708927057
201708965651
201708964950
201708968481
201708931906
201708970941
201708933287
201708965983
201708927046
201708930088
201708927639
201708924901
201708922194
201708924103
201708917751
201708915986
201708884821
201708888142
201708890669
201708883557
201708879129
201708890782
201708882297
201708886443
201708851600
201708882556
201708851277
201708881628
201708886858
201708802261
201708814594
201708853514
201708848802
201708845877
201708841579
201708848788
201708839084
201708847749
201708800379
201708693947
201708807475
201708810047
201708807223
201708802093
201708687711
201708693197
201708688615
201708684550
201708688584
201708686896
201708693608
201708685649
201708693559
201708615059
201708689213
201708684941
201708648213
201708691618
201708608259
201708649369
201708643097
201708608707
201708645389
201708607668
201708608030
201708606086
201708574189
201708605616
201708534574
201708532963
201708562037
201708533989
201708567611
201708569734
201708564835
201708574026
201708529088
201708533191
201708528779
201708339194
201708529620
201708534719
201708533163
201708519087
201708531317
201708534660
201708523301
201708419235
201708527339
201708414119
201708420938
201708378794
201708345118
201708369061
201708381357
201708369845
201708373570
201708371191
201708384333
201708375005
201708377901
201708368139
201708375650
201708377562
201708375693
201708374266
201708330954
201708344685
201708340569
201708335212
201708342197
201708293686
201708294120
201708298309
201708298638
201708300032
201708270349
201708270978
201708304569
201708299492
201708269969
201708267067
201708263254
201708263409
201708263415
201708264828
201708144360
201708267880
201708140970
201708149382
201708138485
201708143522
201708145472
201708149916
201708147571
201708111454
201708150479
201708108511
201708107241
201708111273
201708106240
201708065647
201708068868
201708032261
201708031662
2017071114225
201708025975
201708032864
201708027092
2017071116033
201708033212
201708019472
2017071112452
2017071115423
2017071112692
2017071115293
2017071107230
2017071110573
201707985471
201707986040
201707989252
201707955781
201707985409
201707990459
201707993261
201707921688
201707950919
201707989995
201707988733
201707993988
201707986578
201707956530
201707943383
201707955610
201707952723
201707949386
201707954126
201707940582
201707913063
201707950056
201707917892
201707912002
201707912925
201707913941
201707914944
201707914283
201707913437
201707842482
201707916346
201707911783
201707877003
201707913768
201707913195
201707915238
201707842723
201707878332
201707882273
201707867628
201707735027
201707876493
201707874617
201707866900
201707837783
201707841859
201707845832
201707881026
201707844752
201707845713
201707845067
201707688839
201707833710
201707832864
201707833653
201707833934
201707838904
201707842524
201707833876
201707837966
201707843278
201707728639
201707697365
201707700085
201707729502
201707735062
201707732611
201707727987
201707699455
201707696971
201707728665
201707722351
201707733927
201707699078
201707724226
201707734642
201707694711
201707654108
201707656958
201707663882
201707698598
201707687637
201707686021
201707698825
201707664285
201707697639
201707696322
201707686469
201707626863
201707652701
201707622464
201707652856
201707653127
201707652372
201707651787
201707614447
201707627236
201707589431
201707593232
201707625496
201707592537
201707615731
201707616164
201707589027
201707617237
201707618804
201707626076
201707619778
201707613959
201707592005
201707591993
201707584150
201707584444
201707592772
201707483390
201707587873
201707592379
201707588008
201707413892
201707484230
201707484820
201707477350
201707442989
201707482345
201707485992
201707450551
201707448642
201707447300
201707446488
201707377989
201707444182
201707443836
201707443302
201707437679
201707404466
201707406292
201707379261
201707407437
201707410352
201707414437
201707410451
201707411540
201707381710
201707378890
201707382072
201707347639
201707376809
201707376629
201707349222
201707377666
201707348086
201707347675
201707347914
201707343892
201707337734
201707335858
201707341895
201707239612
201707234408
201707234687
201707235429
201707240080
201707227797
201707233154
201707226899
201707170658
201707190857
201707204359
201707199004
201707201116
201707169948
201707203203
201707104446
201707201340
201707201389
201707199232
201707170201
201706823135
201707102616
201707102356
201707165648
201707169024
201707165313
201707167302
201707159974
201707164958
201707131579
201707101513
201707133597
201707105284
201707102969
201707102619
201707127098
201707134010
201707128330
201707129669
201707098912
201707104870
201707103226
201707100785
201706936696
201706926706
201706928013
201706930530
201706928722
201706930731
201706927248
201706926644
201706859153
201706893714
201706899949
201706893182
201706890818
201706885140
201706858119
201706896957
201706850484
201706814282
201706860345
201706861908
201706855570
201706819494
201706852007
201706855693
201706862675
201706856277
201706819214
201706814338
201706825383
201706820627
201706827364
201706779019
201706790830
201706694649
201706786222
201706792746
201706786446
201706790732
201706687424
201706692057
201706691720
201706690609
201706666246
201706693474
201706693470
201706637544
201706693230
201706695308
201706666864
201706696984
201706695511
201706605780
201706636209
201706637254
201706638578
201706659212
201706574037
201706637170
201706667494
201706602458
201706627956
201706627549
201706603522
201706604075
201706605127
201706481985
201706575718
201706576387
201706604975
201706604974
201706571927
201706574089
201706564337
201706570503
201706576294
201706569866
201706568564
201706571644
201706473657
201706480099
201706472752
201706450681
201706475547
201706445678
201706474051
201706450090
201706447077
201706364832
201706411887
201706446629
201706448692
201706421361
201706439384
201706448604
201706383747
201706444974
201706414976
201706413873
201706393265
201706420491
201706412706
201706419139
201706385099
201706391998
201706213766
201706391251
201706386081
201706384778
201706392688
201706388155
201706392141
201706385752
201706185458
201706384921
201706155018
201706393389
201706390038
201706184890
201706364151
201706387693
201706358139
201706276097
201706359478
201706361694
201706364982
201706365487
201706274295
201706239316
201706246376
201706270136
201706241589
201706237338
201706243391
201706247578
201706243313
201706275475
201706244497
201706270816
201706244014
201706246114
201706245899
201706244706
201706237499
201706211115
201706236845
201706183986
201706213431
201706214730
201706212540
201706185634
201706184072
201706216649
201706212495
201706184414
201706153633
201706156559
201706183957
201706183575
201706157926
201706185509
201706184648
201706176399
201706185943
201706056715
201706153090
201706144710
201706155525
201706151957
201706147023
201706054852
201706149551
201706153383
201706155353
201706148174
201706148452
201706058121
201706060113
201706058528
201706052421
201706055508
201706025165
201706025104
201705983024
201706021407
201706024751
201706022824
201705979184
201705978452
201705981286
201705981310
201705979040
201705813622
201705851951
201705817464
201705818857
201705847344
201705848232
201705809570
201705812667
201705815777
201705811231
201705772911
201705807895
201705783706
201705784035
201705783850
201705780935
201705749749
201705776910
201705783727
201705741614
201705782080
201705778832
201705776737
201705720471
201705752035
201705714021
201705746104
201705748619
201705741953
201705719152
201705718797
201705688483
201705687447
201705688588
201705685272
201705689314
201705686077
201705683427
201705572562
201705544269
201705583657
201705581927
201705539659
201705549917
201705541718
201705548514
201705515624
201705545618
201705507155
201705508731
201705512849
201705469357
201705478946
201705477179
201705479348
201705476054
201705478548
201705445723
201705448424
201705441966
201705444994
201705444534
201705437719
201705441849
201705338548
201705336876
201705342284
201705309984
201705302667
201705310272
201705272682
201705277296
201705110097
201705245883
201705222680
201705220348
201705217850
201705138568
201705109504
201705085193
201704612828
201704579465
201704531819
201704549752
201704528024
201704509989
201704505113
201704507229
201704506586
201704507235
201704508885
201704452898
201704361166
201704363565
201704284623
201704277975
201704239055
201704253204
201704219490
201704218487
201704237382
201704239262
201704236884
201704219595
201704203992
201704108787
201704103846
201704111002
201704091461
201704091507
201704014686
201704011333
201703535788
201703534620
201703534352
201703531401
201703504233
201703519386
201703516194
201703518903
201703503939
201703470568
201703485823
201703487639
201703474599
201703470205
201703430415
201703430263
201703431642
201703420391
201703415963
201703417782
201703418353
201703394214
201703382429
201703380675
201703380617
201703318444
201703314959
201703299298
201703299456
201703299328
201703299804
201703282296
201703281210
201703281972
201703281023
201703262803
201703264398
201703263825
201703263098
201703246760
201703246138
201703189575
201703189052
201703172291
201703172873
201703152767
201703152707
201703117172
201703136257
201703115894
201703134403
201703054133
201703059416
201703057972
201703037304
201703014831
201703011507
201702449750
201702385666
201702432577
201702380751
201702385062
201702367778
201702363795
201702363753
201702367707
201702321009
201702337505
201702332235
201702337895
201702321951
201702321817
201702273748
201702274360
201702260393
201702260243
201702260439
201702245433
201702245031
201702229526
201702231073
201702212338
201702213443
201702163289
201702133846
201702138351
201702119762
201701644646
201701642032
201701618365
201701538829
201701508731
201701486170
201701482550
201701363768
201701453639
201701360058
201701450277
201701454708
201701362190
201701363787
201701337789
201701335389
201701309217
201701335165
201701305425
201701301862
201701279013
201701254160
201701251618
201701172471
201701138114
201701147863
201701147305
201701086106
201701107564
201612692348
